name: tensorflow
channels:
  - anaconda-fusion
  - defaults
dependencies:
  - _tflow_1100_select=0.0.3=mkl
  - absl-py=0.4.1=py35_0
  - astor=0.7.1=py35_0
  - astroid=2.0.4=py35_0
  - blas=1.0=mkl
  - certifi=2018.8.24=py35_1
  - colorama=0.3.9=py35_0
  - decorator=4.1.2=py35_0
  - gast=0.2.0=py35_0
  - graphviz=2.38=hfd603c8_2
  - grpcio=1.12.1=py35h1a1b453_0
  - icc_rt=2017.0.4=h97af966_0
  - intel-openmp=2018.0.3=0
  - ipython=6.1.0=py35_0
  - ipython_genutils=0.2.0=py35_0
  - isort=4.3.4=py35_0
  - jedi=0.10.2=py35_2
  - lazy-object-proxy=1.3.1=py35hfa6e2cd_2
  - libmklml=2018.0.3=1
  - libprotobuf=3.6.0=h1a1b453_0
  - markdown=2.6.11=py35_0
  - mccabe=0.6.1=py35_1
  - mkl=2019.0=118
  - mkl_fft=1.0.6=py35hdbbee80_0
  - mkl_random=1.0.1=py35h77b88f5_1
  - numpy=1.15.2=py35ha559c80_0
  - numpy-base=1.15.2=py35h8128ebf_0
  - path.py=10.3.1=py35_0
  - pickleshare=0.7.4=py35_0
  - pip=9.0.1=py35_1
  - prompt_toolkit=1.0.15=py35_0
  - protobuf=3.6.0=py35he025d50_0
  - pygments=2.2.0=py35_0
  - pylint=2.1.1=py35_0
  - python=3.5.4=0
  - setuptools=36.4.0=py35_1
  - simplegeneric=0.8.1=py35_1
  - six=1.10.0=py35_1
  - tensorboard=1.10.0=py35he025d50_0
  - tensorflow=1.10.0=mkl_py35h4a0f5c2_0
  - tensorflow-base=1.10.0=mkl_py35h81393da_0
  - termcolor=1.1.0=py35_1
  - traitlets=4.3.2=py35_0
  - typed-ast=1.1.0=py35hfa6e2cd_0
  - vc=14=0
  - vs2013_runtime=12.0.21005=1
  - vs2015_runtime=14.0.25420=0
  - wcwidth=0.1.7=py35_0
  - werkzeug=0.14.1=py35_0
  - wheel=0.29.0=py35_0
  - win_unicode_console=0.5=py35_0
  - wincertstore=0.2=py35_0
  - wrapt=1.10.11=py35hfa6e2cd_2
  - zlib=1.2.11=h8395fce_2
prefix: C:\Users\lexokan\Anaconda3\envs\tensorflow

