name: tensorflow
channels:
  - conda-forge
  - anaconda-fusion
  - defaults
dependencies:
  - audioread=2.1.5=py35_0
  - backports=1.0=py_2
  - backports.weakref=1.0rc1=py35_1
  - bleach=1.5.0=py35_0
  - ca-certificates=2018.10.15=ha4d7672_0
  - certifi=2018.8.24=py35_1001
  - cycler=0.10.0=py_1
  - freetype=2.8.1=vc14_0
  - html5lib=0.9999999=py35_0
  - icu=58.2=vc14_0
  - joblib=0.12.5=py_0
  - jpeg=9b=vc14_2
  - kiwisolver=1.0.1=py35he980bc4_2
  - libpng=1.6.34=vc14_0
  - libprotobuf=3.5.2=vc14_0
  - librosa=0.6.2=py_0
  - llvmlite=0.24.0=py35_1
  - matplotlib=2.2.2=py35_1
  - mock=2.0.0=py35_0
  - openssl=1.0.2o=vc14_0
  - pbr=4.2.0=py_0
  - protobuf=3.5.2=py35_vc14_0
  - pyparsing=2.2.2=py_0
  - pyqt=5.6.0=py35h764d66f_7
  - python-dateutil=2.7.3=py_0
  - pytz=2018.5=py_0
  - qt=5.6.2=vc14_1
  - resampy=0.2.1=py_1
  - sip=4.18.1=py35h6538335_0
  - tensorflow=1.3.0=py35_0
  - tornado=5.1.1=py35hfa6e2cd_0
  - webencodings=0.5.1=py_1
  - zlib=1.2.11=vc14_0
  - _tflow_1100_select=0.0.3=mkl
  - absl-py=0.4.1=py35_0
  - astor=0.7.1=py35_0
  - astroid=2.0.4=py35_0
  - blas=1.0=mkl
  - colorama=0.3.9=py35_0
  - decorator=4.1.2=py35_0
  - gast=0.2.0=py35_0
  - graphviz=2.38=hfd603c8_2
  - grpcio=1.12.1=py35h1a1b453_0
  - icc_rt=2017.0.4=h97af966_0
  - intel-openmp=2018.0.3=0
  - ipython=6.1.0=py35_0
  - ipython_genutils=0.2.0=py35_0
  - isort=4.3.4=py35_0
  - jedi=0.10.2=py35_2
  - lazy-object-proxy=1.3.1=py35hfa6e2cd_2
  - libmklml=2018.0.3=1
  - markdown=2.6.11=py35_0
  - mccabe=0.6.1=py35_1
  - mkl=2019.0=118
  - mkl_fft=1.0.6=py35hdbbee80_0
  - mkl_random=1.0.1=py35h77b88f5_1
  - numba=0.39.0=py35h830ac7b_0
  - numpy=1.15.2=py35ha559c80_0
  - numpy-base=1.15.2=py35h8128ebf_0
  - path.py=10.3.1=py35_0
  - pickleshare=0.7.4=py35_0
  - pip=9.0.1=py35_1
  - prompt_toolkit=1.0.15=py35_0
  - pygments=2.2.0=py35_0
  - pylint=2.1.1=py35_0
  - python=3.5.4=0
  - scikit-learn=0.20.0=py35heebcf9a_1
  - scipy=1.1.0=py35h4f6bf74_1
  - setuptools=36.4.0=py35_1
  - simplegeneric=0.8.1=py35_1
  - six=1.10.0=py35_1
  - tensorboard=1.10.0=py35he025d50_0
  - tensorflow-base=1.9.0=eigen_py35h45df0d8_0
  - termcolor=1.1.0=py35_1
  - traitlets=4.3.2=py35_0
  - typed-ast=1.1.0=py35hfa6e2cd_0
  - vc=14=0
  - vs2013_runtime=12.0.21005=1
  - vs2015_runtime=14.0.25420=0
  - wcwidth=0.1.7=py35_0
  - werkzeug=0.14.1=py35_0
  - wheel=0.29.0=py35_0
  - win_unicode_console=0.5=py35_0
  - wincertstore=0.2=py35_0
  - wrapt=1.10.11=py35hfa6e2cd_2
prefix: C:\Users\lexokan\Anaconda3\envs\tensorflow

